-1.2269676 ,-0.54628855 ,-0.29670623 , ,
-0.08377588 ,0.1308998 ,-0.25307295 , ,
0.2949609 ,-0.057595916 ,-0.061086576 , ,
0.085521206 ,0.21816635 ,0.0453786 , ,
0.22165701 ,0.080285214 ,0.04886926 , ,
0.11519183 ,-0.0034906615 ,0.0907572 , ,
0.10995584 ,0.04188794 ,0.0052359924 , ,
0.11170117 ,-0.0052359924 ,-0.02094397 , ,
0.0 ,-0.026179962 ,-0.026179962 , ,
-0.019198637 ,-0.006981323 ,-0.04188794 , ,
-0.06283191 ,-0.0226893 ,-0.031415954 , ,
0.09424786 ,-0.008726654 ,-0.02094397 , ,
0.24609163 ,0.019198637 ,0.008726654 , ,
0.27052626 ,-0.008726654 ,-0.0017453308 , ,
-0.017453307 ,0.061086576 ,-0.0017453308 , ,
-0.027925292 ,-0.0226893 ,-0.02094397 , ,
-0.06283191 ,-0.07330389 ,-0.015707977 , ,
-0.12915447 ,-0.07504922 ,-0.015707977 , ,
-0.017453307 ,0.0034906615 ,0.006981323 , ,
-0.7836535 ,-0.0034906615 ,-0.040142607 , ,
0.06283191 ,-0.52534455 ,-0.92153466 , ,
0.77492684 ,1.1013037 ,-0.29670623 , ,
-2.3544512 ,-0.3700101 ,1.8989198 , ,
3.2253711 ,-0.061086576 ,-0.6283191 , ,
-2.6406853 ,-2.4417176 ,0.5567605 , ,
2.597052 ,2.6371949 ,-0.34557548 , ,
-2.336998 ,-1.7750014 ,1.5114565 , ,
-2.7576225 ,1.408482 ,-0.39444476 , ,
0.5619965 ,-0.670207 ,-0.10471985 , ,
0.46251264 ,-0.5305805 ,0.07679455 , ,
0.30194223 ,-0.033161283 ,-0.013962646 , ,
-0.010471985 ,0.12391848 ,0.11170117 , ,
-0.13439047 ,0.026179962 ,-0.052359924 , ,
0.0034906615 ,-0.061086576 ,-0.055850584 , ,
-0.038397275 ,0.0052359924 ,-0.019198637 , ,
-0.013962646 ,-0.012217315 ,-0.026179962 , ,
-0.09424786 ,-0.06283191 ,-0.11868249 , ,
0.015707977 ,0.055850584 ,-0.08203054 , ,
0.05061459 ,0.19373171 ,-0.12217315 , ,
-0.7941255 ,1.1536636 ,-0.81506944 , ,
0.16231576 ,-0.14311711 ,0.16929708 , ,
0.21118502 ,-0.3071782 ,0.12217315 , ,
0.057595916 ,0.0226893 ,-0.22863832 , ,
-0.06981323 ,0.34906614 ,-0.06981323 , ,
0.12566382 ,0.27576226 ,0.043633267 , ,
